X Y
-4,029805067335021 -1,8777145533405917
-2,9869882467414604 -3,1289483100680364
-4,593758881738576 -2,284175709767384
-4,680912221372583 -2,9345837717475485
-4,086795034255422 -3,4938364920221074
-3,161145781703249 -2,9798172021231726
-4,140223362264975 -3,3699379290032647
-2,9261344718119657 -2,8986778898385333
-3,5868576066763564 -3,3846068063638644
-3,5024384153487333 -2,1306232958346496
-4,036331660830001 -2,826160713879421
-3,0861554360448915 -2,0131812914952967
-3,8665413707388847 -2,350723953517785
-4,0002717902260585 -2,99552598328472
-4,256313123254814 -1,909720059728984
-3,199352835129906 -1,8473815820105268
-3,436394989552233 -3,2197873160025026
-3,102230544714094 -2,037186308207028
-4,316149157146309 -2,983065951129519
-2,9636841380766032 -2,6623537786213163
-4,135467196309929 -2,914375736283446
-3,181733147912706 -1,8257447964036233
-4,24058069338729 -2,088877851286351
-3,780021690963582 -3,1073679430649612
-4,074431137712437 -2,834303567177392
-2,9777802617456706 -3,131176223091099
-3,480370243581473 -2,9584127146211108
-4,079417567056274 -2,0076452435617007
-4,412014507073559 -1,845550113140073
-4,560423917437699 -3,180353523946633
-4,190156748616577 -2,9929891821267196
-3,174510087251904 -2,6931108181249943
-4,4531462118321645 -2,7438860208782585
-3,3366126137324787 -2,346327788820515
-4,602297394965262 -2,328557372619508
-2,9303167198694355 -3,3740867907428
-4,268363783398785 -1,8356629081418574
-3,5389271385259966 -2,318968424793751
-3,629399950237111 -2,268169634391196
-3,3898933798036315 -2,547577932544838
-3,6147892745326113 -2,717765057470498
-3,4272589158283213 -3,3287556100201945
-4,118167198729053 -2,113173356986302
-4,490909421931283 -3,4977314433962583
-4,538158307962471 -1,8451170483580286
-4,353782734511939 -2,6469625639684224
-4,096720329580839 -2,7626354863270945
-4,688284704408809 -3,5087229738088883
-4,205532287178311 -3,4777128302401117
-4,030382434966712 -2,6870245344519637
-4,0629802795018914 -1,8763205676010097
-2,963215383899648 -2,3798312232092225
-3,1716635584558404 -3,165178227097747
-4,559820377780391 -2,0174091165405232
-4,249770245013691 -2,2257424046479453
-3,9943791986367683 -3,14996103637591
-4,138154368653104 -2,6748022682101724
-4,126663375766835 -3,412198681584554
-3,7299572054388466 -2,987505854100509
-3,9116926927455915 -2,109511756254181
-4,46210575847088 -1,9310122287369178
-4,379710474151352 -2,666647955056823
-3,5783415171402897 -3,1950817550589146
-3,866867836935673 -2,2986702648358706
-3,235948313322904 -2,6571818915127903
-3,6153345830445183 -2,935344881843888
-4,3208472542857885 -2,330715568435922
-4,642495642919301 -1,9662703432685844
-4,008520533196336 -2,86429455261492
-3,2483295651211996 -1,9075970589801496
-3,064657586235631 -2,1711971279714786
-2,9926146721127154 -3,539490600798663
-4,676985606054305 -2,5112748146329977
-4,602210711983118 -3,046223025987615
-3,4252982970951473 -3,574062336470474
-2,9229533825863667 -2,8554914589153473
-4,287997196015799 -1,9469854526736223
-3,043426434480192 -2,67674954105638
-4,604956198571533 -2,5046568967464693
-3,3333323605142855 -1,9496775483324138
-3,586139604272965 -3,01578491388917
-3,0719289958866636 -1,9003050678413378
-3,166975906034149 -2,6952778373795607
-3,3927039940760517 -2,231582340246759
-3,982499293232128 -3,21569343377159
-4,589484987519636 -3,4744279719694156
-4,1087505884403726 -3,3228307226654072
-3,8406905198648102 -2,6793662682989523
-3,4015266071011427 -2,466569965572082
-3,748743617738487 -2,786765088916666
-3,949633522774528 -2,210311967585377
-4,078846598786994 -2,4435402872848964
-3,226810039015317 -3,406281583134503
-3,3910535898197196 -2,1799111977084156
-4,176403628978024 -2,7805699054466233
-3,5679804010879885 -3,4547416733170184
-4,03243520389951 -2,658609891757382
-4,383337437995083 -3,5835122911575192
-4,0910391384942395 -2,5665552845900494
-3,72211420350247 -2,8524274345595
-4,608870694565878 -1,84131387266257
-4,1390088720227975 -2,5577860370051897
-3,673998823534743 -3,134216305353681
-4,42434204104061 -2,3965816204721833
-3,265848942517634 -2,0802206645774817
-3,839945796147167 -2,052058542573226
-3,0460353566953486 -1,9600722020014625
-3,366315402624598 -3,4324914392503882
-3,4323583397455204 -3,0918687519001775
-3,748006630557355 -2,010052924067136
-4,407368671193635 -3,43298008274345
-3,197578008888361 -2,8910808449408134
-3,6487798404172462 -2,015010059611372
-4,147589278848567 -2,3400340347310307
-3,37563133245695 -2,133537575038458
-3,242696296832508 -3,097543120703709
-4,543021023515049 -2,627388976294437
-3,2692127361118866 -2,280620354267551
-3,0059143025805684 -3,264177863757628
-4,583059959155497 -3,0090656240478513
-4,302404498567004 -2,096713011199763
-4,638766773820367 -2,795940215519084
-4,52341890030941 -3,3057435814506837
-3,6341502643788735 -3,5393483472656735
-3,5417971556247787 -1,853359818331053
-3,9654474185704283 -2,5859921902062495
-4,3080324548825475 -2,8519557052843227
-4,22653883444124 -3,265230825436204
-3,7715393199537357 -2,5843685759043957
-3,9850619006139842 -2,062729112828621
-3,6666957027898164 -3,5355213742002265
-2,9717605068734976 -3,244999090747032
-3,737916117102322 -2,9017049955577576
-3,4957974791657183 -2,6799106608515437
-3,8026968990887724 -2,24134814005791
-3,5605198098454984 -2,727777020843717
-4,075669245306068 -2,690705616515321
-3,3932529109434952 -2,9253848575278374
-3,9968546349670264 -3,592848821029704
-3,967882861586559 -3,517870929430379
-4,409437391006764 -3,3949829425959903
-3,830702288575436 -2,1055397493778703
-3,6394984663077405 -2,355439957517146
-4,220413187074805 -1,8094612398125116
-3,836093712574215 -3,566610098452003
-4,5250447507995535 -2,375733909931248
-3,085740342166674 -3,183008918441877
-3,5914707037593416 -2,178183031537737
-3,343390054294609 -2,471336213717342
-4,350468079971781 -1,934375249645209
-3,8223473841879096 -2,833911865363484
-3,2953706603539983 -1,988565668768986
-3,2723396480062528 -2,7402744625801043
-3,773687537434364 -3,556827852959905
-3,3593794942796453 -2,6887090789009664
-3,5234941110966354 -3,3575397007201313
-4,677528728329733 -3,0956617935276576
-3,15574078105511 -2,133546674287908
-3,4649164554253096 -3,275403979787186
-3,7789586133055217 -3,511809834355285
-3,6825017834672087 -2,875542206994826
-3,4785123877197837 -2,1189715719775775
-4,196453417043757 -3,4341208061888793
-3,0536617639910544 -1,861380296840439
-3,7705390203276146 -3,3406451729072777
-3,3926887967362767 -2,632644762630941
-4,419931822039129 -2,7516398879362987
-3,5502772111116325 -1,9604444980756386
-3,7301739155331313 -3,248733929321113
-4,006073286763059 -2,822073611276153
-4,179237653563384 -1,8870788653775332
-4,5571096339523836 -2,1932993866573742
-3,9122980224218917 -2,2375005659406986
-4,4477490019649855 -2,737761731330428
-3,663635250565888 -2,3400196372860167
-3,1785604777136225 -3,5222645442351554
-4,122413192284778 -1,8644919355202392
-3,7492250020244087 -3,4965009517327506
-4,168547464958639 -3,2336340618578863
-3,7607195487541363 -3,045292689557279
-4,538392209782791 -2,521425847049254
-3,3481027216040085 -2,6564651887333017
-4,369040682405318 -1,806725185696919
-3,8106308314193025 -3,4158713349530405
-3,070284406777958 -3,4372896068764063
-3,464831264285118 -2,706714778002952
-4,169932933377626 -3,5657471070422084
-4,345079290798296 -1,8457388884099653
-4,532068140149713 -2,5298249965556123
-3,9918212601742407 -3,4251745207769027
-3,3413520780012558 -2,8125204574539935
-4,672751905716673 -3,5774958505272023
-3,5674637069300728 -3,2312812049929605
-2,976303112525456 -2,8238320319301504
-4,179558978637779 -3,09436151443919
-4,348586077197907 -2,2453755646492928
-4,38783661957499 -2,1618332683848087
-4,61063464057619 -3,116964776951219
-3,717015428844221 -2,8501541953527942
-3,3815699372012906 -2,4430794707593213
-4,45205607521773 -2,5276428354305667
-3,4608106259746094 -3,475711222316684
-3,466355260409081 -3,498777289036873
-3,730551075098046 -3,1645808774918
-4,228781451312131 -2,5424529846636026
-3,3939367819710107 -3,579092797495057
-2,981857461582129 -3,5237740227360916
-4,338414559841977 -3,1642556792506915
-3,6837222724363174 -3,5098291819577376
-4,634898283236759 -2,524838670316879
-3,7756921495599984 -3,5181407675759084
-2,998203522658997 -2,4861648427757537
-4,484728715031129 -3,0848992203245884
-4,2139735751767216 -2,709625864464998
-4,107134223149495 -2,8210173397577405
-3,6769808902236996 -2,2526958206518244
-3,8512589743278207 -2,089107553800536
-3,8523534700133295 -3,2064539470104916
-4,5797025273187035 -3,102921785760949
-4,357661347048263 -2,788984559851065
-3,462284556363638 -3,3969561149154934
-3,922509118806984 -2,4753665318048603
-4,650401281411245 -3,3955894708950813
-3,6233410913363118 -3,5308583742910713
-3,507264396299955 -2,5655900279854684
-4,484637246464035 -2,093486078292552
-3,724733941804576 -3,499886180697596
-4,534768951149325 -3,304593968491413
-4,2425118470767575 -1,9009430096946454
-3,276099714681934 -3,243026528238279
-2,985990298661323 -2,9501384634914096
-3,0547438198808914 -2,263285160779072
-3,96695285616247 -2,19315422953983
-4,549234242095648 -2,0473059205594177
-3,550902658964067 -2,700469386449808
-3,463183490633508 -3,1872126784677306
-4,13235958576133 -2,81356529580932
-3,5832396619994826 -3,121832983250035
-4,497673287420281 -2,067468268023072
-3,894245259662452 -2,0032974460536486
-4,567008276980773 -2,3500186054615826
-4,257156055147127 -3,341294465280922
-4,663725208355335 -1,815056768114109
-3,6050518441764723 -2,3604422642409855
-3,2003926807332164 -1,9249489165685603
-4,147240562921462 -3,13836799983848
-4,040646326700231 -3,4279167361197462
-4,038080075645364 -2,094342101243903
-4,211347956262678 -3,4293648775789247
-4,403260974458196 -3,455217890083146
-3,293807874845112 -2,217702434006912
-3,5451456904453256 -3,3157553008047027
-3,827046764433212 -3,1168604310252026
-4,6848910723349855 -2,2501648318212912
-3,4632965238207367 -3,3247928718030098
-3,815891385970191 -2,5176619860321248
-3,003268965948542 -2,7736630299047844
-3,8552094293201504 -2,5188329067373174
-4,45833921418053 -3,562423688781143
-3,4634050871423647 -2,3485685280926725
-4,576713966103634 -2,7864188866050705
-4,482555746298104 -3,0866854389429874
-3,3590289452984385 -2,67535838462423
-4,388852674685393 -3,3805944894545537
-4,02441607331194 -2,482314529739336
-3,8967957910825612 -2,9147201957148896
-3,3714991430092445 -3,5031148144740847
-4,083374309810071 -2,521821125900494
-3,661156363464758 -2,8139186048442166
-4,400228644631425 -3,395519326411806
-3,6848850302946135 -2,6736343158796876
-3,708907407969539 -2,358179586537513
-3,16322698360654 -2,580233839245539
-4,593829673374493 -2,663240722309185
-4,0591238703328605 -3,3250011337087946
-4,258322269784697 -2,419487795445721
-3,447943874579374 -2,6323579211816774
-3,0603375758889357 -2,6988721383914998
-3,3990157336846503 -2,0251122693376633
-3,660859900667556 -2,150948848951408
-3,063385506005779 -3,536384750489556
-4,261819013982547 -2,3973098196721176
-3,296565796125878 -3,1235849193422087
-4,537239517138589 -1,9668657191848784
-3,5350334411392 -3,492157372896744
-3,1231655696661087 -3,2151833763759523
-4,583614393732155 -1,912257992668517
-3,557692902315127 -3,2033342527335
-3,968751204573993 -1,8168759671366261
-4,697754489453745 -3,252573625160339
-2,940808279525017 -2,267626793269078
-4,335653803817941 -2,3701566932003852
-4,190147183517825 -2,2210109583468216
-3,597684677579154 -2,6426410979462767
-3,580441854857602 -2,6636597439930574
-3,1514109344356425 -2,3598632243857502
-3,4182295965541796 -2,177380793343714
-3,567779528220477 -3,3131803023369244
-4,621949988014864 -2,452084722615899
-4,4405292806831005 -3,4196768979258696
-4,096185140941353 -2,974874644689185
-3,551950331900743 -3,2978779973196977
-4,485574900289096 -3,236449952175139
-4,123498642736076 -2,9850354054834516
-4,607925562168779 -2,6760271519718994
-4,302386337070598 -2,8667419058286923
-4,095772680738472 -2,0793544002893283
-3,056453596941905 -2,471679642585823
-4,110600591742041 -2,09683411499707
-4,233882342292686 -3,1321444436720873
-3,945840919604913 -3,26079941572182
-3,32046555598418 -1,9403370147699914
-3,9011455986551895 -1,9985457914169589
-3,5016166083357105 -3,21315649362382
-3,9049705224281377 -3,5433163057765933
-3,95882512563449 -2,33489276786816
-4,464162142789723 -2,1758373811367626
-3,654603392801871 -1,878811568276832
-3,359134203823017 -2,9996755902574694
-3,7155663860489434 -2,366492216123681
-4,358333472411468 -2,673917127808074
-3,7643782595249147 -1,9808662291946777
-3,152268830828125 -3,28729174296362
-3,989096841760465 -2,94017752246234
-3,095410221478689 -3,2683239080754642
-4,097577828747038 -3,404572355515165
-4,254050158508677 -1,9640902940165899
-3,0117481022211336 -1,824117287439198
-4,529283191580651 -2,5531621520699734
-3,5969680887644437 -2,256661412497297
-3,633139252896454 -2,4003096248190823
-3,1835782217743875 -2,8820987567234084
-4,030799312706267 -3,015060540217193
-4,426978625534053 -2,0330899045138433
-3,8983011578969853 -2,838130406625938
-4,048664760173827 -3,4931290226813414
-3,5847764832510034 -1,8015741323708738
-3,9057857662222886 -2,633287628757289
-2,9622365632891556 -3,2840488683885605
-3,489828795627321 -3,2513110073648717
-4,661313654853367 -2,245050732558766
-3,014022633178563 -3,2274244794773956
-4,67134772439763 -3,2222476667552145
-3,7163423937814084 -3,3726043679372877
-3,0725272427931736 -2,1047745018142843
-3,8992222393316442 -2,6720307122072287
-4,362910814974555 -3,059576630044687
-3,9800093205150793 -3,108164830751047
-4,53506260951014 -2,7222010847466445
-4,177339372924002 -2,2071047605412697
-4,506075872638608 -2,1358070268074276
-4,109615025754069 -3,4367461955510277
-4,358027926718306 -2,455517622757748
-3,29003743981452 -1,9923127576738853
-3,4539951564366804 -3,188862390322779
-4,487075362474784 -2,0294065267888155
-4,088787821039015 -2,0051827968287483
-3,084912589018619 -1,817592197505244
-4,2127057185075225 -2,817904323458899
-4,509896450361296 -2,173315986842131
-3,6825269819884108 -3,2346686399584574
-4,490516953400903 -1,939651811814566
-3,7153323971324372 -3,3087527526234037
-3,2416090564401725 -2,689776639203295
-3,2966201674301256 -2,855278590482137
-2,9191409057707025 -2,069613112563982
-3,7123281817004714 -3,428277325375654
-4,599422497154136 -3,4971469894679226
-4,5516744250269365 -3,152951943886576
-4,142777972492632 -3,512654436729664
-4,213512573976759 -2,328824747571991
-3,359799569188508 -2,2915657563112584
-3,0741952752291484 -2,8386346668521507
-4,481297818368373 -1,936661577192707
-3,8889939183078366 -2,9425947734115088
-3,096008233027594 -3,4032718649801774
-4,237879156771722 -3,0317717371485045
-3,328363688289391 -1,8620831591300673
-2,9504725665106264 -3,2558823937336587
-4,220256565699833 -2,819410527867089
-3,2044804582306385 -2,390353509245516
-4,66295676743039 -2,9117189319303045
-3,7804854253332967 -2,119887832450176
-3,8536046270644486 -1,9784993505252326
-3,847612154189064 -2,0698624938030457
-3,0155175224733917 -3,18069899659847
-3,5142456991824127 -3,121301819436211
-4,404340627193063 -3,3361988826895894
-3,3708331653791883 -2,1831261293171202
-4,249372548742497 -2,8041362659817155
-4,189231715593096 -3,4611256130890373
-4,353392706931291 -3,416869882913816
-4,127253887043994 -3,5924790644262936
-4,482206576684044 -2,6845534752307967
-3,1177211247822614 -3,481602901904738
-3,7220978883203344 -3,281207776982225
-4,5044194808469555 -2,267827748588536
-3,256990803564178 -1,9442411710504157
-3,0197325999227838 -2,154949981071604
-4,3358511875684815 -3,005279193126417
-2,9186132841977415 -2,5368051037272332
-3,4258240039569126 -3,4007984755221248
-3,15201692909946 -2,201122004335087
-4,143883170375845 -3,392871686873466
-4,060090640030075 -1,8460922491650336
-3,0459963130240655 -2,822112987070052
-2,920787831431695 -1,9524432046233067
-3,2685420999678123 -1,8221362327596848
-4,35219629457073 -2,343206937115962
-3,8800059388810353 -2,10210424414094
-3,9039785361629566 -2,9082753465411724
-3,497359342741908 -2,6953662543882335
-4,471443282520229 -2,3811851070392445
-2,981650589156331 -2,4556387901272996
-3,493483639139992 -3,046919462581311
-3,9992835165202507 -3,098927063067918
-3,918828201335554 -3,3893814205858215
-3,041817994585228 -2,5161240299768712
-2,9981762579320272 -2,162476374666315
-3,617616351793737 -2,1190553737209004
-3,119377062518994 -2,635209135718797
-3,732954561023041 -2,0853615916812185
-4,038944626057927 -3,190561257790358
-4,2563020515739955 -3,5684519839085795
-3,062189746537406 -2,0790676648628725
-4,390341466691198 -1,9974342308904582
-3,242531710384374 -1,9622425357442579
-3,732120805559471 -2,295563662551389
-3,278062644722138 -3,163010447318685
-3,866776348846752 -2,4348920248352455
-3,4205469888308464 -2,818873861387676
-4,446922287015082 -3,093341659055554
-4,525046275707311 -1,8680975691326476
-3,2486121395936225 -2,4718681657050543
-3,387430152005706 -1,9660408999026249
-4,51356860403051 -2,106998704854877
-3,469913113217009 -2,79990840293532
-3,1704277866572674 -2,6505265328177905
-3,794054252945025 -2,2784236690930935
-2,959938300425276 -2,8805577859586746
-3,7929610847420854 -1,8611324885213725
-4,089540602714086 -2,773894639886424
-3,063280475374489 -2,1656255297292044
-4,060721591388564 -2,3170335066325154
-4,36520603468229 -3,592223525685126
-4,690907901868325 -2,3642613701844075
-3,5667478605840417 -2,3094625330417173
-3,1312844080391473 -2,0717235250043156
-3,2488683732047274 -2,3334876420550064
-4,1530306195197 -2,6974804527853022
-4,608005488838248 -2,502654255664327
-4,230219546644602 -2,6295224525697654
-4,0115611887949205 -1,9614586311428683
-4,396869055570509 -2,255677898109085
-4,27006006918911 -3,127384384452532
-3,9164804551096566 -3,3281904080799403
-3,263154772410861 -2,1704709650280574
-3,883885412792252 -3,0387671243872743
-2,927574184632485 -2,5540033166006646
-3,288577669832466 -2,9177171192782465
-2,959377575420387 -2,255143012338527
-3,278626692699313 -3,2480743234475336
-4,100262753658837 -2,1312950562599773
-2,949092669565294 -2,8694119607085464
-3,3293133601186176 -2,14596142966428
-3,93632976066697 -3,00354878552229
-4,5892303064922455 -3,073816214380546
-3,9557822589785676 -1,953515296362055
-4,449519086688397 -3,303494973779471
-3,772189427709268 -2,9110509835349783
-3,839351526370369 -3,23129447947772
-3,7491885294758878 -3,257044075321259
-3,900795811910967 -3,4929262787589312
-3,6371215235294416 -2,662414677039315
-3,637133269692347 -2,2338790975379674
-4,330262389870536 -3,482227317938815
-4,093754033333956 -3,065930177699416
-3,380850616253893 -3,229936815672848
-4,110488195558638 -2,880093662432747
-3,0901977223557147 -1,9337713406136385
-3,2298391093954297 -1,9504216994439967
-4,522454171361855 -2,9301760885852195
-4,00003800975289 -3,3477245779185267
-4,567096512321219 -2,3254944853580306
-2,9181564998446374 -2,479178111866958
-3,845209277610975 -2,7774834042205208
-3,9916889766548644 -2,1336988600905613
-3,787854349104196 -3,5914823859808824
-2,907216198784736 -2,061799066237423
-3,8923792114803186 -2,8507695422992425
-3,2032671058489264 -2,063558704280419
-4,081208283317859 -3,510582373072423
-4,301245081936097 -3,3862772569051613
-4,071890492781705 -3,5218059600501563
-3,4773773782416697 -3,4677083687373886
-3,5123179264485476 -2,439031258307283
-3,2874647503810617 -2,81282714784863
-3,595748142998567 -2,291656272772402
-3,153085915040652 -1,859321291981596
-3,972560880628496 -3,080504167401327
-3,1080065887892783 -2,125845930650159
-3,692584368337256 -3,405343721917018
-3,954334503335072 -1,9689991406267482
-4,560035804224932 -2,155986724083786
-3,5703865770239402 -3,329537342475546
-2,9198155443429394 -3,1256462279538377
-3,881632006935374 -3,4667321034221352
-4,504931021890079 -3,1517573344187086
-4,322898151005222 -3,3892104096484417
-3,886267138733879 -2,1858548624763263
-3,1262212009342467 -2,0749543436205227
-3,610528705413264 -3,002527110095888
-2,9406625157733592 -3,21333072518048
-3,340022102354667 -1,8810660321047268
-3,2029195473237015 -3,236536870435681
-3,2737156419168354 -2,220470669596602
-3,884021491782253 -2,4665495132306647
-3,683289771933601 -3,4220142490654464
-4,28234706819874 -3,5898317714366157
-4,443445217156455 -3,0786399218334695
-4,26403109100113 -1,8484358506018834
-4,57377983847341 -3,521504713613999
-4,118707180528055 -2,0761480190428747
-3,170477234145583 -1,8738522775050797
-3,1093043034827783 -2,325951333377601
-4,337732688449547 -3,3930025981821386
-4,280918118449467 -1,832820759973409
-3,0612401315664233 -3,474442094859187
-3,574816785697239 -3,5836605655055074
-3,629720644474248 -3,409685104884617
-3,3794659142823513 -2,5447255243004756
-3,7320470670471555 -3,2214851617170472
-4,006864746549125 -2,5012145408068527
-3,9104891093546126 -3,032090437385865
-3,667331668379358 -2,745309694262991
-3,2566114322368858 -2,6478016161795908
-3,490520115572312 -1,9125714458961154
-3,3481696426857757 -3,57736171042859
-3,464385278440206 -2,939846485454064
-3,194968348790197 -3,588045026626389
-4,535705658001772 -2,700757815919294
-3,4074479702694305 -3,4001580528989472
-3,8502753146189566 -3,5365244579897017
-4,324821655020565 -2,1691712292039815
-3,667584721982113 -2,5899109371196887
-3,183874456410535 -3,570094606492135
-4,492426256665592 -2,1704068766402558
-3,187700656291642 -2,517723210630311
-4,162764309153214 -2,607476500426023
-3,9284520641433227 -2,6759108405536107
-4,535805165616275 -2,2941605178022337
-4,25285586580486 -2,1984141847758383
-4,1773825305397185 -2,7929915791917965
-3,437998079912428 -2,6735727058807046
-3,904567805812454 -3,5117704445834113
-3,578379190652555 -1,8758429696974175
-4,606897696256447 -3,464154299919298
-3,9664976552923963 -2,311322655774547
-3,141777630680064 -2,9887277822681515
-3,840399690077735 -2,4634396662438243
-3,6924637085118683 -3,303369196594805
-3,157987991418631 -3,586067231926495
-4,158512412380729 -2,4937437190045766
-3,089004305427662 -2,485140041048181
-4,012117086290845 -2,9197821343119745
-4,013844857861782 -2,2001878570690923
-3,8206853500052995 -3,483486384040953
-3,022874500370561 -2,0294942753572425
-3,1756820630173195 -2,1613393511259593
-3,8785121668010154 -3,453425060226076
-3,2533228792774658 -2,710605886488227
-4,688472955816112 -3,436406310708508
-4,133649430776844 -2,3672448484746886
-3,754649839794154 -2,9893451122225922
-3,993321447215606 -2,752848059169047
-3,6021856298042274 -3,3531414846454473
-3,1945507662596406 -2,039243239397117
-3,4359143028982535 -3,2810102253869955
-4,243704513719258 -2,4751650779166567
-4,006247000254407 -2,590919975669567
-3,5608176719803986 -2,9102443021143216
-3,5649350443144217 -2,497663116832057
-3,7385705795486173 -2,9328730931361715
-3,389397189827528 -2,5171815225431393
-4,154353484955934 -2,0174435461037596
-3,078755933205125 -3,1917175117119245
-2,9202166457053025 -2,0014055409236278
-3,0554411719670096 -3,5409882418150156
-3,673851237839105 -2,072012936475522
-3,5824252892691097 -3,5568726244309254
-3,1706958613965037 -3,429002064782896
-4,59690923974783 -2,898235844394714
-3,1351845323458534 -2,93138309472993
-4,196828685612553 -3,127351929308799
-3,2272681894758755 -2,8377385183419177
-3,123285657593351 -2,249528884462964
-4,455981729039298 -2,0918693728773294
-3,5395117662916675 -3,28171777809208
-3,0909928183125426 -3,2629700684712377
1,3167514911589464 3,7822033883562862
1,844220712190619 3,970994948106117
1,6044057036747466 4,425153479992121
2,0914209938752544 2,5208559016669954
2,0275341183095454 2,9520105313303135
2,5050439657059798 3,817838948465893
2,8302615174142858 3,1398585521498843
1,8892348371241623 5,197043408929419
2,414432629461488 4,764864148303133
1,8989921564755827 4,002570210232648
2,7916179405527672 4,765668250317347
2,4336990752235383 4,251618353521309
2,933147709188991 3,3911001815806427
1,4140823278174437 4,5130328153745705
2,1078468965412998 2,6050316670673244
2,0324442146441415 4,089165579972544
1,4462390312770297 1,5939818416492042
2,4853244157896963 1,5122070025178955
1,8477261146429445 1,7435746930238918
1,2663608162763358 4,557328394501383
2,532758366389076 2,4399280201899893
1,3286695703992801 2,139789377661317
1,6801011511716522 3,709659793740709
2,7754104246468723 5,257680050228404
2,23095870088619 2,9688336300796685
2,4687986349489393 2,1180448828027574
2,3856766406935943 3,0153801068500283
2,8829849188820775 4,760306601613218
2,339656443217108 1,9365437809450485
1,5081726445966774 4,6952380364282735
2,533532461255124 3,9361131262701243
2,8335451102509 5,185214334918776
2,9989810783160302 2,895033562783347
1,8204171424750886 2,207741988426319
2,398127978214988 1,978590016821485
1,605171738291896 2,3528070665709095
1,2614025370058846 3,619763025576324
2,063742595416204 5,2897087564289045
2,2494480536253425 3,6437061078919304
1,6745832792904074 4,951909836813285
2,013958125699843 2,8878852093661025
1,6413235830132489 2,2121387723905785
1,4502704556587418 1,5389661739178155
2,254478386336981 2,747528395915733
1,3231330419530627 4,430815064669176
2,7343239364453744 4,751729390294876
2,269617101631007 2,1356071019477323
1,811423205055502 3,9121595846542787
2,772534544902903 1,686428474822328
2,9527307916796506 3,4673304929760205
1,7326680383017083 4,868487702637749
1,6904901261913086 2,48508888890099
1,4591959759707804 1,6831474248121747
2,5313684074065272 4,2337098179353525
1,3046167371248565 3,046478063587794
2,0491595995155807 3,958267477591543
2,817943983417825 5,134047078680901
1,978619160524267 3,67099481730822
2,780014553922256 5,16097340786256
1,3520984634648914 5,1947260296545155
2,397984527596625 3,733966242646197
2,1691360067283965 2,9708099096962606
2,1124135557961754 2,01860580663292
2,94510258393224 4,3119932887579315
2,2846552917586074 3,201626790645597
1,3809758842238358 1,907920314701495
1,8673229755603464 1,5957772814985383
1,5677022824178934 2,7486654570828444
2,077534562446825 3,6147471761008756
1,422645041547486 2,725014510474776
2,233381494317088 4,166863242357216
2,075803298162193 1,9149642352813936
1,8487487913293452 2,798905267503062
2,010538292993418 2,802282535884901
2,196249207381614 2,494217782569186
2,829938810333469 5,142137734015018
2,7109439846075896 5,257723095083282
2,152980291549425 3,8616268672619496
1,2081694493952237 2,669221171241639
1,9486653166315837 3,771367215567118
1,7216893840219483 3,771325437725347
2,9058824207109737 4,098569165863035
2,035643072680693 4,672528959104943
2,3514553037688932 3,802527225584034
1,649214027303574 3,952800505550678
2,5235312966381036 4,071517513864814
1,2188870414511854 1,6857408653520078
2,742006745631352 4,587544788778535
1,329414775027249 4,787301457250278
1,8472736405656134 1,884834226290427
2,616086289549175 5,090847845606387
1,8908483395505904 2,736277947959983
1,7252685918694497 4,641399806469273
1,874837434421261 5,092424162872092
2,7604905458299456 4,225997565560267
2,4437109427550885 3,898333565438243
1,5367474590662216 3,9800402892745286
1,525149232272827 2,9736769245309898
2,6576042453803423 4,079921245057822
2,080550801749448 1,97037267911019
2,3270254500895597 4,033553533772959
1,8204042867514865 3,0868243436866902
2,400116376044592 2,79805888823041
1,296022118618398 4,655342188776383
2,6467020673965664 5,128476407162061
1,8825601000044272 1,545580320967262
1,397054103079596 3,437627749815359
2,2665921925858963 1,7294400537460968
2,31561186109629 4,868948255893141
2,2608170772953065 4,055211024563463
2,0941807773448757 3,3862208745873437
1,6180066742397115 3,236107024827946
1,7431200507070956 2,982525330158513
2,3780937286083126 2,9423872721441744
1,5217596688558757 3,4674609590546535
1,936465509290528 1,7891671750960865
2,395941803770408 3,9076509879066332
1,38712580895239 2,8074253517222028
1,667425558351006 4,4425366887801
2,3219075421675113 3,580613297960613
1,883279752970349 2,6191253041301623
2,994665228727399 2,3618221432697952
1,8852259475831232 4,837768020878041
1,2029175824563703 5,223648689665991
1,9999009119642377 2,017132501217197
2,4887932627575307 4,774084588106941
1,4548004694180345 3,9818188173753235
1,686776073134151 4,064210389447107
2,447937630683276 3,57140438342141
1,9225581515806454 4,333708007441315
2,2364408067764696 3,8988527284104344
2,952366454858457 1,8546936208584357
2,554020385401392 2,460375115443368
1,842021451297881 3,9323628918756293
2,8055082038654557 3,612511336034007
2,8210205721899966 1,6448048116377258
2,496225729164877 5,0329162587240175
1,2387383929177416 4,348441514070718
1,4935932673973848 4,543048754384969
2,2684090462424473 2,3988612188041225
2,662004774269529 4,415696844256837
1,8653956871519466 2,735877151985391
2,0375760013613298 4,556454529505141
2,0489998403108323 4,2147531406439445
2,861613428696207 2,6902022272017296
2,510740198257948 5,031940806389244
2,2773721964789093 3,252823305922942
1,9559409838890116 3,057463887384846
2,801628599365479 1,8829291012112577
2,6856264097632554 2,2725017983887286
2,046025718826927 1,9975093212830932
1,4937833015862159 5,250397440658045
2,3311560535550573 1,7924741391038796
2,41068674123496 3,3011588863314776
2,2860406618389817 2,518812073014711
2,74009710008779 3,7538271265705645
2,644766395972656 2,167073886663719
2,51858674667169 4,855344190578705
2,9331290129911 3,647940472405982
2,1379364385081265 1,8894689809806129
2,5306987124903118 3,7878692995990275
2,276439168584176 2,2252259090187194
2,7857748293986155 3,4715223206834995
1,6307249386322438 3,7623366938414793
2,801220905119719 2,2439227697589756
1,814178450372002 2,5168624499187704
1,5146318077234466 4,904426344147598
2,5425526080822807 4,997273365111964
1,2590083234107665 2,3764626260251265
1,718135339433184 5,01735832892765
1,4105957091011838 2,447066768263309
1,8601830966395885 4,231628079769732
1,996601237725951 5,0315817374461815
2,515878719050523 2,6047338990639726
2,0144288565944555 4,188707347684868
2,40027365508555 4,268796479966621
2,9915253909387047 5,039532450467558
2,638146769784759 2,7644711829792827
1,859499760862287 1,9956205349499239
1,3928058698096588 2,530392873879192
1,960490211238951 3,8347399678481433
2,6370496020568694 5,1359819871918795
1,7404915098487543 4,6641629500453625
2,5338017296332715 2,6509714274956337
2,9167397834066424 2,8927816938551896
2,7967348373996703 4,1896244223592785
1,7938301474405172 3,346001262205037
1,2370531994637397 4,491361858250853
1,84862109089608 2,037955891769592
1,7172523552887706 4,455047443862293
1,6689676845678076 3,3788809292952804
2,9758603860644386 2,9233159396415127
1,9411311021729707 3,9389445778109162
1,5839691004681782 4,978993815331194
2,247079244545785 3,6217369428447146
2,1676781417471833 4,473287498744305
1,9858284210439736 2,3893745761602547
1,4093964560905432 2,66996653026182
2,4881759301995503 2,9728983514348073
2,6858947206230335 3,2627791615042367
1,6933478864827367 3,3642660227522203
1,2410910098784724 5,207798199452156
2,582602268154788 4,2727928055721325
1,299773006674029 5,1887369844370905
1,3803080953638138 2,6940253955893496
1,274263252704115 3,5778470708055248
1,750263240960854 5,151208166037119
2,4714566139879808 2,4214923975210167
2,7829136799446825 4,733724861847854
1,460773407813433 1,8849650891180965
1,2174081816866245 5,105198458295301
2,8475894318836046 4,884526719323048
1,5797347435659235 5,0556821751002525
1,293166624938268 3,303047663730484
1,6470784940040364 2,9429064744069295
2,7186464030574684 1,5364100113588737
1,5790610473955555 4,903312452454943
1,521131562702237 3,6280013040879484
2,8060649475930473 1,5525905249669794
2,193715783713707 2,3230795360828274
2,1187883212008995 5,162875572364172
2,68698659485298 4,912857054950479
2,5986351454619863 2,2195817751299853
2,47464352312383 4,182226886275906
1,6038142034089868 3,2834683089466754
1,4004690856980244 2,8911900677005686
2,932352934737462 3,097220526452398
1,4382353111713833 4,104094747689306
2,073878768884746 1,616349871967295
2,5998542131968625 5,251337269351009
1,2780872505651677 4,90969301612077
1,5443438305051365 4,859189334083519
2,22955845214814 5,221952319122078
2,9668417491301917 2,382744912582557
2,877492986823036 3,6524796986563466
2,6039621133634947 2,5818575312783927
1,644202080474827 2,177662522253383
1,6091595207899227 2,2306909823684036
2,7239067433891555 2,9676453025899088
2,0289513192102167 1,644080857894988
1,3576855773751602 3,874457139328555
1,605233081484227 1,6416989192982887
2,730779537107673 2,9235984105580175
1,3842835073890014 3,1597509056376865
1,4851728058855627 2,3247885919336673
2,333634529954059 1,8686453083937475
1,6209185426974264 1,641819760165589
1,9348717299184908 4,3026190579492
2,6584964839235785 4,673802263636299
2,7425868935306266 3,697022971068648
1,9519208917587694 3,98227309220588
2,5941306918920954 1,70095620535562
2,2225827025760108 2,674527708966759
2,138535242848266 2,8539904102595397
2,9117996436320603 4,998854986783551
2,6373757565528226 4,002907427250858
1,507205163175267 2,5772123206463204
1,5549407779953275 1,6550678578997484
1,3598376154140892 3,6646602407839994
2,0976860568435445 4,574352189709996
2,2539287955952227 5,2074628159927645
1,9006824563791507 2,8682446276872002
1,4019217121542562 5,165367090738748
1,8528487636073865 3,598790158698198
2,065779695058871 2,1464264044667365
2,974694987102224 2,131734177998987
2,3838410512003616 2,669879368607291
1,465900616296865 2,489313876874639
2,92744105718024 2,4395744680743645
2,1858554419288065 4,541695523766174
2,1734810008444025 4,85268775452808
2,647608920835483 4,048721516410723
2,2393711550012307 5,2719592096347
1,520512386736669 4,455599855995496
2,279185434319142 5,0562400653874615
2,8582656289915174 1,9049131744879853
2,9070746883743803 1,6539975736578616
2,166919645547775 3,2842085266218883
1,3112897533282455 3,9513498339542608
2,104865676613745 4,624596288722742
2,8963089613647774 2,7254115305208844
2,093321384235245 1,8855837674248255
2,74567819720022 3,1208313152521763
2,566705908250497 5,2961913590900815
2,5013920395642093 4,415906369152905
2,043956036486384 4,860275719329273
2,2427857251839756 3,8884455975886842
1,3856784602360852 3,2890752414396953
1,9715414271466671 4,962046439491219
2,9532506365068536 4,323388564765052
2,8774494593360225 3,3981575621576363
1,6482465533817132 4,84978765858751
1,8992135102576904 5,176277659933397
2,4860320567768457 1,679417929201768
1,9337096150245996 2,66050726431777
2,309982770220727 3,180162447122992
1,2846824010002538 3,1176401501877242
1,7452698068094097 3,2323851289108125
2,130997919879356 3,63146309201641
1,2103618279712025 2,1767857799326724
2,9853846806508706 1,683254286955227
2,8208217326149674 2,343741900278548
2,156725997617433 2,3076972069258894
1,5656483434409165 2,2379439094318183
1,2487365139268938 1,6465358225017088
1,219382503106563 4,165677132531266
1,3090441611743304 3,6905496656983994
2,5199354942360417 1,8658675882431466
2,754813066130972 2,6797153828551936
1,6887507332361178 3,5940618442677397
1,592857503794273 4,97275870291255
2,683755851714671 2,40428154312683
2,063236504194546 2,985791682811203
2,1635762541856627 4,953428487166207
2,8337590877826235 3,065604702666003
2,3858662039431815 2,8404673001858907
1,634666832563942 2,352420034944701
1,2180510838532475 2,2042990129894666
2,5162858912426866 1,9500103336431107
2,360702604065686 4,086152218402763
2,480266053044413 2,3238577459328287
1,884450504263282 4,803031880972599
2,2826532036027274 2,4220678894309717
2,9335212085338576 3,2744606262661358
1,6602917920063078 1,9433014691730452
2,2844456843825602 5,239898599852377
1,4937852425276614 4,437523941766329
2,3784818385829007 1,9587488558022572
2,6065248122578595 2,5008570885948505
2,557666742657938 4,144646023057186
1,8909402935102348 4,231882883010909
1,9835983258343184 4,979094561288791
2,75048821357385 2,5961803298510935
2,4876926927198615 2,21853509310574
2,968328042137271 3,133803801592311
1,3881362359419234 3,3606392102578964
1,7456720944193393 4,637157632664618
2,4091810913622815 4,947248641114083
1,6191113416043392 1,9883306054100984
2,5146403536623083 2,4040818560499297
1,9006005422535954 3,273635831780546
2,3842256404035367 3,932697683817557
2,181340442078773 3,334486395277815
2,0763608577508554 4,201027866779075
1,378460067346692 5,190815004929937
1,6415332415915853 1,6196052831807832
1,4174944394988276 2,3150223719539564
2,013708564944743 5,237863436317624
2,0385294523107467 1,9860241850582092
1,7588368091896793 5,071131892667534
2,315456354564256 2,8535850406888974
2,4372568066917135 1,8501436718990156
1,9168934183426747 2,874971462893198
2,5543469151766516 1,9405684042888849
1,652863725490206 2,4489717878887767
2,314595289242737 3,5152386968152856
1,570504937045003 3,4806952305764858
1,7865904521968732 5,287476833374081
1,2718410545033974 3,969486807308356
2,5078610300865307 5,22716055525896
1,280016537273159 5,236699199410026
1,4172677228208277 1,9031422111148437
2,224309814448179 4,487407405964946
2,260324860020629 4,648639845229802
2,662059627114961 2,1833717241327957
2,306292449952424 5,075889630412662
1,402995253115735 1,6007766462356199
1,8931089517243245 5,101508770417765
1,3349566876740673 2,9382213325470463
1,8785635614936562 2,004113047847144
1,863132143442653 3,7643922050464043
1,3998972088052766 3,676953672358373
1,7603023139286986 4,872337184292181
1,5550664242708934 4,1169951366434665
1,2151799428875891 2,1568552883435608
2,8006364336224063 1,567442420933163
2,4121459534362732 2,2049326896329733
2,27705578567211 3,4201159701891726
1,8132459147753934 1,5063718301518052
1,72210439729366 3,6852504947715663
2,9574782351095923 2,707417157745404
2,644649290661455 3,3713754461831704
1,736856156697266 3,1257416746840168
2,7339838239591163 4,0453432337852755
2,896874073793395 4,273574817639778
1,3471963120198467 1,7593857212402524
1,5124771135142674 3,896833828511475
2,4710670385674938 1,6558101929035869
2,1314071180757104 4,000937187858819
2,42900461219729 1,9026108919203075
2,624403090914145 2,334572697680505
1,636403105652949 3,783171148457097
2,5573603756901466 3,2445922010854216
1,857064997761722 5,189006303853432
1,6943101574776125 5,009858776013353
2,754496767118017 1,6523256265845496
1,230649639217278 3,9780068050359163
1,6395877457360446 4,542710147340464
2,5719507031920554 1,83187687657295
2,071631317333079 1,80513675284325
1,7986354708822692 4,122869074179978
2,0939928838817923 3,8482144095794495
2,6109594140965733 2,619025007086952
1,2372959022024674 2,8948598845394784
1,9747033407792483 3,9687478673868246
1,4528590445717111 3,21222967044688
2,9383037170395143 5,254389513103105
2,7275596185702327 5,053746587495018
2,5490285782367055 1,959148480900056
1,6267386204514418 3,013633553458064
2,794958976171011 2,75086553688637
2,5718404681615867 2,4944734995275937
2,670894478663903 3,4682270174573624
1,7537835751848236 2,143833238517408
1,3718285352876713 3,1620154413071946
1,8705571649975807 4,5036122872727224
2,347628080357539 3,4087535711830648
1,8896121822545904 3,2482621355189396
1,5605031349536431 2,130795286695909
2,108602985916958 3,8914675958223315
1,5852327916767892 3,3199025458075777
2,437201170218437 3,9988823883840467
2,4305946792432116 1,9817582067733304
2,1799903250290305 3,56337929569368
1,468037976550783 3,767582015688139
1,8068539784724127 3,4542529346539075
1,2489282183693546 1,7642532578479835
1,3590624200449586 2,534453678227458
1,564661379833075 3,9249881188764
1,874458620449568 4,1558000409157465
2,179131854208321 2,787603327408106
1,7687274935300952 1,712390874840463
2,78203370899785 4,511256644116344
2,8578253279124217 1,6928792803032184
1,807154189841789 1,7577431291518568
2,354112380944196 2,908370464871621
1,2305389809126388 3,9674346944629852
1,9947246899188997 3,730307890086728
1,4153335062461248 2,6835092146208823
2,3233626408377717 5,16891947017143
1,6914275793441536 2,2009871379543497
1,4889237977297278 2,8217671269202294
2,9408589388013535 1,6116410697211148
1,5177596507827602 3,5854422019513628
1,9274906558503977 3,951919868379813
1,2709027515004232 1,954343425281833
1,45352607785017 3,9632116009344647
1,9078656609102997 3,2508792715707884
1,698975132067725 3,9339184346047436
1,820548557953782 4,734486673907359
1,4606535883189213 4,25651672891895
1,3676763994221717 5,262622838543479
1,8580868048400414 1,7456974497373507
2,9171200424967862 3,9619297753103577
2,8300325314210983 1,513173872947424
2,3623956345827573 4,700545466755623
2,9902257454765273 2,4046850320971953
2,9952468450701843 2,0527512227084435
1,892760365387283 4,804136853145575
2,379905750280937 2,220056651561193
2,023740201601368 2,9463953886084777
1,8267435384663768 4,248745189118665
2,7362051075064207 3,157292870894481
2,077941437915909 1,6121326537071037
1,4447423913273345 1,9876053227675614
2,2442451582951763 1,8750072357138339
2,8330261626748587 4,578751751127216
1,7400521292781548 2,9993392384410376
2,5093672545048094 4,400369359472558
1,6289630489185551 2,1917396576916923
2,3073989937361277 2,034814590078484
2,516064703826634 2,2338928483389227
2,2760110258799062 2,1409680843769356
1,953638572764564 3,6507286762055524
2,0697235058968673 4,942423157789012
1,9453410440570336 1,7593714891357028
1,9975283785191786 2,0529609803022764
2,127836024516416 2,7140195514469276
1,8669810622710705 5,034759649501762
1,3762140501083737 3,2902291965221737
2,854239086567202 4,305894902336849
2,6321097724222806 5,1455077261212026
1,5538578516960504 3,6511502403108818
1,980426394474558 4,5575002892597105
1,8769494702976588 2,8686957558069786
1,855650216553634 3,5555841606004064
2,731658711204991 1,9262903057354563
2,6744443738956267 4,188491041491989
1,3702526235702726 2,377086862372705
1,8660839574113646 4,14937984142883
1,7789394388165398 4,401510616897098
2,3041245468980875 3,945987890484532
1,7113411277637565 4,56606214959972
2,6646236207466245 2,6883730720772503
2,3627248288283758 4,651793083823731
1,2587303658136328 2,9727283774045192
2,4069683750097624 3,2897334698877407
1,9255709869059578 4,048135016552372
2,797722491319595 4,345766281569754
1,5495469176074512 4,660033096499662
1,8076155819683883 1,6699574499761929
2,1752210893821005 1,5963973657183042
1,5637760806143135 2,1176727177068697
2,8460433585709906 1,5663284087269926
1,3148822354192438 2,9781878466877743
1,4327073887165276 4,851737433243809
1,2035926127802383 2,2313454838037607
2,2344615283940366 1,52027024216551
2,7574486448284494 4,785598338615486
1,8497296507292296 3,6638705994973977
2,186062214013799 1,7346644130348623
2,928688307869198 5,011179139364987
2,8164707257342902 3,5457472899227263
1,4371431611508938 4,660097685143048
2,391373180541839 4,178443708236414
1,3881254409337658 3,4047323433141923
1,3971221468553219 2,6310149618522205
1,4142456964456387 4,92103357735923
1,6346773199676532 2,1623200876344506
1,7069616776587262 2,392179572082818
1,3210275801808582 3,975566071587392
1,4430926645179027 4,637951647544618
2,7173417286802786 4,769496019531306
2,061084533212013 4,312098797570112
1,545170928499095 1,991572454601315
2,3230302600886574 3,9222280061500947
1,2753768092424072 2,877171249291649
1,4399664469353681 4,0661547865542484
1,6956215725812043 1,5810556553209238
2,0394880691056336 3,499186149331707
1,3376211868990984 2,899449900298917
2,5035877831821476 5,120115305196395
2,670946507006472 1,8918773108521079
2,192224575892283 4,632111149114934
1,6069642431218791 2,781359770408904
2,232492449501757 3,342430262034165
1,5981318007072263 1,7830234769982167
2,1333600651227242 1,8287635278823462
1,5134965035203254 4,21825488120294
2,3104883029166228 5,1294654679077105
1,489643792522293 3,238506522241423
1,3721879921618205 4,860042092413053
1,2647723773237263 3,2904572106811756
2,9545095880617676 2,224848426186039
2,40995022514128 4,646729950469374
2,9010337942422364 2,4061658782963993
1,341831900249342 3,201206187745927
1,9244086540936352 4,7576583677117625
1,9724288261121905 1,809227203267644
2,3287114964965663 4,979882804661917
2,0542587899340767 1,9838455309252907
1,6077998987698847 3,2488410586596537
2,441383813143477 5,2813245042344334
2,8191274287580015 3,483514141357144
2,6290309011490125 2,406996931115655
2,2766409151851867 2,1652000321375575
2,1496707166830182 3,4759231720119708
2,9786390818042214 2,1471082282064122
2,270315083124429 4,319311183497618
1,5645437983154087 2,7083345248109025
1,5033392238011658 4,336144975627292
2,562296393343467 2,634709357714322
1,8570865069037437 3,6283896128772164
2,8062509702961695 4,504852038795534
1,8369923002904374 1,6842274238668695
2,637688555052474 3,9205573985793927
2,4530556713553144 2,6858049493592873
1,9149609676387684 3,79859539648325
1,5161686491572937 3,0314733588412963
1,3722988480691076 3,255283673064984
1,3800924459436674 2,503295382320993
2,4036005465005186 4,610666963375094
1,9384415006631603 3,398201575308714
2,243574550221723 2,158665824011315
2,980315974863112 4,770201080636524
2,0924704013537854 1,7484401671563738
2,2383801660957694 3,2303238524063667
1,9753029273319074 2,08433156413137
2,191429163899242 4,778618893833412
2,7872665885096253 2,0968147928665664
2,376917711402426 1,9046088983429388
2,8327318099552814 5,094654975741049
1,2042214454603501 4,388839400033476
2,9916383886076288 2,9404105489840395
2,993967945869768 2,749021881016432
1,502473159923591 3,247245384381176
1,866198035836963 3,0894295904379607
1,3896942117929327 4,064834593668008
1,3670841738031847 3,3094506104008685
1,3602874453026461 3,4377229979864365
2,2942735466673447 3,3913480097992377
1,9607543844875384 3,138836954945117
2,467149196436867 2,4853056210354607
1,5003930925651745 2,070594488370614
2,6229425306221863 3,398907614661762
1,5171611351985859 3,5383878403322457
2,654462220915469 4,854479694307258
2,8568094530645602 2,0251132053168
1,2872875094284344 3,7345787769702707
2,5990236890262146 2,047138655948114