X Y
-42,0802157582041 -44,20105187101843
-41,39095650241926 -46,10188920292944
-41,88282938525044 -46,64664609631213
-40,513821222842836 -47,241145765493144
-41,71892948001431 -46,970782579784746
-41,01435451548354 -43,15537356434209
-42,92326531195084 -47,60877310481598
-42,74697645294524 -47,3583537673221
-42,69342977679491 -44,15562443279595
-39,8802889586721 -45,819885713881504
-42,38716435530816 -45,82094276801664
-42,098251089491114 -45,792168572480065
-41,30518375428495 -46,08474456431759
-40,20409521368569 -46,401627373483834
-39,99575451680735 -48,167063542007675
-41,58127365287426 -45,84778246520386
-42,81112965664132 -45,27761410273866
-41,295026362898945 -44,95994397065336
-40,686390327308686 -48,172224465311615
-40,227443475319234 -45,45381045833796
-40,154427125148835 -45,7049634665659
-43,3385979756159 -45,833385577444254
-42,16085416986609 -45,415906125967496
-41,83359394197442 -43,4346445251062
-43,20270319687074 -47,94351685061668
-43,466828768568575 -47,11718769265249
-41,33818734232218 -44,32504005143269
-39,53501798867429 -45,80351010110404
-41,66046496041445 -46,071568819595406
-41,2140568212003 -45,6237142709248
-40,6091651406541 -45,54286237693847
-41,73789056384418 -45,066745075629576
-40,32282124232238 -47,11926430342046
-40,89170428626357 -47,049737672963275
-40,915812222795296 -47,91510849514942
-41,22247952717338 -45,460276281682845
-41,44360365213536 -45,85074066820126
-40,96129197409244 -47,110402145639505
-42,387863078439864 -45,10868521461147
-40,51763912816843 -45,521784210926214
-42,602910551287096 -43,58738213954836
-39,533386470866155 -46,445733259878594
-40,576498980913286 -43,778034425934685
-41,56188693822713 -46,58749325402695
-41,08156412451079 -47,03778783107203
-41,21091090310981 -47,87086670748243
-40,72675603878426 -46,080976595443296
-40,06328543192357 -45,995693479719215
-40,65353145630691 -47,12119616267025
-41,781914904227165 -45,529533272710374
-41,222330313968484 -47,37489539858147
-41,40392432280733 -45,23320498787595
-40,29880743335589 -47,23025085701913
-40,73207229541138 -45,548642002888315
-41,27447950065301 -45,76260673908152
-41,705622291167174 -43,82632120710381
-43,115352408024584 -43,426794661187486
-40,01570940056854 -48,25608782417949
-41,82046622904753 -45,733280311277426
-41,203452314545444 -48,650409800150115
-39,92858859940683 -45,367218048444315
-42,15636666677497 -46,65900322680509
-43,70962584655099 -46,30448154459397
-42,46251781911901 -43,44531922780974
-43,26553126880521 -46,84279778561709
-39,695191956711334 -46,67254052056174
-40,84351005952045 -45,00758740895374
-41,5469292690216 -46,11829831113181
-42,1405963616899 -45,753962663814264
-40,49622677006933 -48,379751316153374
-42,17517616139069 -45,9775019681868
-41,93049088500051 -45,980133932549926
-41,7987954397577 -48,190856756611815
-43,941513701405675 -47,37378132066207
-41,74301304473288 -46,56236429335752
-41,20014661167597 -43,664362858004175
-41,109591237207106 -45,85388789322836
-41,432823457414116 -45,76217661636556
-42,28035572860524 -46,6521706794261
-40,229352347767836 -46,81983744717864
-41,646695253012794 -46,77193306871682
-43,042316528112906 -43,67153242069884
-44,11835722911073 -45,21496302459059
-42,443467059135045 -46,14421604843717
-40,83069585483241 -43,05777209405612
-38,880005090119184 -45,64938256358811
-41,80460540267839 -47,1110474221241
-42,14474251489054 -45,76321180652616
-42,8366674202938 -47,38265301684194
-42,92410601147715 -44,24747332450937
-41,55636403504809 -45,86602645405544
-39,949611362283946 -46,29114089230782
-41,740131919767386 -45,75005591172748
-39,13771101200375 -45,5167231461869
-42,267144985994065 -47,85071498819213
-41,36616973988135 -45,787111177084576
-41,82770711976429 -46,34184633440183
-38,99486365674445 -46,54207925279752
-42,686713700906566 -46,049311436677606
-41,30088554451717 -45,88680077397965
-41,60790011230681 -47,90062472083524
-41,4711779725639 -46,17603967798757
-40,95573004611022 -44,51471806153238
-41,552499239616125 -45,77331960599619
-43,74762596944793 -46,62110510784586
-43,22944792913443 -46,839711891485734
-40,12522681603415 -45,60480944730674
-42,81692983931564 -46,28929874944988
-41,41764648428073 -45,819702843318936
-41,47143695659416 -46,74275294613799
-40,6742851819266 -47,06859813155956
-39,73477621364176 -43,77527444426438
-40,44313737274682 -46,48214762094664
-39,72908011032768 -47,010969137636586
-41,30155602317071 -44,922493031085395
-42,844694908539836 -44,832624609044984
-41,22403076427152 -48,021043721863265
-40,43569943958565 -48,44435564996113
-42,246712065355574 -47,088941581419185
-41,43386499513131 -45,777121344373576
-43,55441111571986 -46,989698756110606
-42,79283128052121 -48,179222403237965
-41,2554529744396 -44,82167416829947
-40,51765801304711 -44,97657685450204
-42,452262058304214 -46,696581792608804
-39,95559638796238 -46,022260567104425
-39,68107757597748 -45,193919315702544
-38,6268708848931 -45,80921249778254
-44,158838866250605 -46,26361963895209
-43,27276274287917 -46,67950544868228
-39,986212287450954 -44,43557216313673
-42,262244437528274 -44,11815709092376
-41,71506941791489 -46,4983311625449
-38,72887344513707 -45,23869442660663
-41,87431916446054 -46,180138632264246
-42,069536204120325 -45,538165033068815
-42,50930507550856 -48,182668131059174
-41,68933980174202 -45,667801117260716
-39,576461138920024 -47,617248506644316
-40,35673912053676 -48,62026255480153
-39,865013104886735 -44,48284064961094
-41,631824184835416 -47,63962065138149
-42,722420265356114 -46,18574863355333
-42,53891060029338 -44,908973525982134
-41,24371217417122 -46,145085157822514
-42,592676609481664 -45,72715468819934
-41,08730877990626 -45,56020088244333
-39,93580792987423 -46,848078895894766
-41,065084225570935 -45,88662082455798
-39,18660641101784 -43,846259525052155
-41,08356988137491 -46,75535558189902
-40,85756078117284 -46,21166545671227
-40,876189098599205 -45,36301841552527
-41,42458825031175 -45,88503688402354
-39,85394043500347 -47,74818737056978
-43,04572947879758 -45,70257499101376
-41,56872216859897 -47,629857172448034
-39,87298431125792 -46,50211369180314
-41,964420191278535 -44,891481005793004
-42,46143866368202 -47,16533166092873
-40,53858033557973 -46,632887650345005
-42,98959480358111 -47,915538136142565
-40,21416645444452 -43,56158338439725
-41,92485477750333 -46,34817852406472
-40,25355883251464 -46,49698775862758
-43,51310441994106 -44,96888226131598
-39,38851261457258 -46,84477465725272
-39,15924349304484 -43,91453431834449
-41,10195798363739 -46,40292704696332
-40,72187443146368 -46,27412984581187
-41,441356621615896 -45,47603570170209
-39,58019591882535 -46,19509060593354
-40,63080926123452 -47,70074788689625
-41,54276073532222 -44,74486355557927
-39,03686494770393 -47,2485311252901
-41,99222143534118 -46,52260293667342
-41,358495635809746 -47,21200943325889
-40,79370172887473 -46,80751919399864
-41,65291060024099 -46,0202327338499
-41,53981641091188 -45,96785016151039
-43,582640633896176 -45,116875251407926
-41,20445990164615 -46,14834748908562
-41,28618427292114 -47,9427126179297
-41,023314261107124 -47,388000989866306
-43,485808215219265 -44,278787679258436
-41,638707960307244 -43,15674929832436
-40,41969614724197 -46,037118210283786
-44,12167432971268 -44,8860703182179
-41,39870880079804 -46,09351829466358
-41,5138942339001 -48,110962877353266
-40,85326570562082 -46,25873625240243
-40,53471598667942 -43,77018859368207
-42,18114774662203 -44,946322297515216
-40,86722397287389 -46,21034352354631
-39,42063221456685 -45,90585540343496
-41,05753597538597 -46,13522322810084
-39,11710007015583 -45,244703626398305
-41,419350395099706 -45,47154752840664
-40,232263322966055 -44,46947510187084
-42,18857675790951 -47,44423638533193
-40,63447791192183 -47,19927277406661
-41,17461722706932 -46,2263892361871
-38,51578579263042 -46,482771763864186
-40,991513167994796 -45,928452391831705
-42,38207337714575 -43,65455764582748
-41,03936654020438 -47,32163994376096
-40,96626734131801 -46,529657754457574
-40,83520637684825 -45,22147069786438
-40,731865349832034 -45,278782087931965
-41,304265107234 -43,74254715597703
-42,56111043990177 -44,20114729849732
-42,681508355171026 -44,728128893144714
-41,353967419358504 -43,57127376593955
-40,41811773303405 -43,44803960573011
-41,510092439313695 -48,01858142971279
-40,54925031365928 -45,239224159598535
-41,18804584971569 -44,9428549763355
-41,406238543003276 -45,83768564753272
-41,618823906943454 -45,204914327012105
-40,668715826797786 -46,6598533579866
-41,73561240127255 -44,76166374760577
-41,684438005915716 -46,67687396343272
-40,01214174387645 -46,46505635963749
-41,47038146065085 -46,46749803723029
-41,211262833242245 -45,540509048455064
-40,38752903822168 -47,838712230239324
-42,74033880164218 -45,73807816481563
-40,67633801803342 -45,58636748198959
-40,7651222678501 -46,00146562971522
-43,18074592511383 -46,091832425927116
-41,59434668923782 -46,219767957485836
-41,196888851351865 -46,06185393528862
-39,99308906852774 -46,81869098447287
-42,346942995448124 -47,42263562630545
-42,79049416072229 -46,465027007699774
-40,78308667209002 -48,24558693922407
-43,928174014705185 -46,53711664471548
-39,052167030095795 -46,089802747664244
-41,17963935001099 -46,376977531967405
-41,87790168132876 -46,594047876018124
-40,07388374394582 -44,909901705464016
-41,73593376630509 -46,05224372978388
-43,00730753688037 -45,72687642430321
-43,828011940499294 -44,73683743876441
-41,02010164227991 -46,20884562779395
-42,05419437036649 -46,23506342359149
-40,890599109200664 -45,69346036049184
-40,23602710583937 -45,53338189646779
-41,33847742401216 -45,980775420998015
-41,38808942874369 -45,750716021534714
-40,94089244114658 -45,5425722162095
-40,73855547026396 -48,509256713377745
-41,29282617192267 -43,658168582486056
-39,803636441879426 -47,76808637066294
-43,75481945994677 -45,99382832605691
-40,8241587375833 -45,57412292155239
-40,152814533652744 -47,922493916841034
-41,84141201610423 -47,17444162535897
-40,65358865264256 -45,73677364122438
-41,38662950031111 -47,57077613303564
-41,570919640926455 -48,02851765293936
-42,93001009577782 -46,794939513914684
-44,08118954635327 -47,15844765375447
-43,15977735330927 -45,80030859864861
-42,12577840328869 -46,18425326979826
-39,83894744980091 -47,53771457026078
-41,14634761628929 -45,54391461184802
-39,507265093723746 -46,20802533708786
-40,2784808678866 -45,9984282009634
-41,27564282671491 -46,07196697937761
-42,004622700730245 -46,92205470128327
-40,04079481606814 -47,38674503713559
-42,839791152250704 -45,48811061221299
-43,11471048976145 -45,128746023992655
-41,41093973105854 -45,843392536101014
-40,86708264917065 -45,07783705582744
-40,78872053413629 -44,456428958312465
-41,079063902278264 -48,38946130104963
-41,1220524329992 -45,32212896745496
-41,56975277381904 -45,114762103649944
-41,24355832261536 -45,49895549887637
-41,390778108390435 -45,927372800619594
-41,01832262740773 -48,761655586575344
-41,88816170073938 -44,90443672944995
-41,10537374247888 -43,40525379040835
-41,37531647417109 -45,9842196077269
-44,157048151467635 -46,0898341935291
-41,07287453681316 -45,45936676936605
-41,931015683800474 -46,043486686325465
-42,96868315323643 -47,63687684393542
-41,05459716876773 -46,79910839782445
-42,91146576581065 -43,92960980934352
-41,55038135505414 -45,82243799056172
-39,814757679103785 -45,98773767204885
-43,82651194785448 -46,1578078125292
-41,72240202220417 -44,20031795245965
-43,3420798218537 -46,78224438472026
-43,397389538115675 -45,01158095810588
-41,356247722454306 -43,470437572313806
-40,741377773402874 -47,86411512375622
-38,78537776591024 -45,23274967412642
-40,70327904694086 -45,621876661482716
-41,02707204175759 -44,62959123384493
-39,02120712137599 -45,19885926023811
-40,47712230033636 -44,60331367217043
-41,130673304787464 -42,868876997732
-41,85387659569472 -47,951742676429745
-40,66392428682363 -44,79622531931208
-41,47402460009491 -46,03181674028796
-41,38262624313644 -45,837749827183835
-39,64534248429159 -43,74880010556403
-40,05139956559406 -46,14478843306884
-42,645695091394266 -45,332885910368205
-38,81439624480513 -46,872000359438594
-40,4961456078934 -45,114102242374194
-41,05620340640947 -45,83197721959711
-39,11886138274847 -46,3272036118388
-39,899638818249834 -46,16190822328482
-41,41422358500592 -44,44930550853678
-43,69263585380611 -45,939480253258324
-42,34789773340111 -44,5519502218029
-42,098622524102026 -44,734719248592896
-40,16309179743167 -46,54394557796815
-41,96559187561197 -48,39811115841965
-40,971056058572586 -46,368105233404236
-40,91727505046458 -45,893159963533556
-41,48647425918326 -47,67484118485022
-42,07981622498197 -43,698830357508406
-42,692245829203216 -44,036711007871865
-40,608812253871 -46,653971515936846
-41,863201493424114 -46,40981715236949
-41,825533674352435 -45,9669309961591
-40,70752266198611 -45,72309969652178
-40,45512117077826 -43,00241467606181
-39,29354602277577 -46,39484383892967
-39,968028749404766 -47,316059001434354
-43,17447327511483 -47,43691441237868
-43,130120648219645 -44,08922696108161
-41,322107745667985 -45,91970735925778
-39,221078282376915 -45,822080074822814
-39,63693452046242 -46,223105994816514
-39,933200701473496 -44,000502818920985
-42,23704126068516 -44,28771353915295
-40,63792208659102 -44,878440888530776
-41,80401223423919 -46,08568313854254
-43,408787055383016 -47,681966179314394
-41,164529843231136 -48,20128956394017
-41,68627398951561 -45,862426571852424
-41,15980677365758 -45,32740454316874
-39,42412042643374 -45,27105233929163
-41,406873422841386 -45,84997193127636
-42,80153853486177 -46,34620447780565
-41,50738315205753 -47,36894815236462
-42,33828223697984 -47,286316757475234
-43,90629698103684 -46,780054369729704
-41,58824133773376 -45,335804773580605
-40,48305173425643 -44,78133028620943
-41,43943174688627 -45,24138991912042
-41,00495381219253 -44,92421608019037
-43,17527033787875 -44,90099919749412
-40,13528663154326 -46,4950021926749
-39,701430336562645 -46,377673329019224
-42,278752955677845 -46,49020294991912
-41,27282417681981 -45,7746303089841
-39,94371868702244 -43,42921364335404
-43,050181589548046 -44,527007008906864
-41,17799973535941 -47,37743293232438
-40,70320703370606 -46,969614647165244
-41,563267526460336 -45,825278297133565
-42,10567897689668 -46,24908294651255
-40,25164416685658 -46,004654934205185
-40,777657432082876 -46,04258063839689
-41,4302194861867 -46,201259185339644
-42,666727909922365 -45,24235224231554
-39,89851301972043 -44,40527361239985
-41,287946702359086 -46,731682873956885
-41,63747886344345 -44,04736609062818
-41,70784004160274 -46,00516542628682
-43,80256774800699 -47,37512702633347
-42,27890590504356 -46,247865259854464
-39,54324013758681 -46,26429032974861
-40,01346934703756 -45,92926336420884
-41,43800895299169 -46,01441036257249
-43,95413645453964 -46,89680879378507
-41,17723752664466 -46,153361880932906
-40,125106334609214 -48,40014429623468
-43,389084381234866 -47,18059220585109
-42,951739289805246 -43,91704144605885
-41,75966688975523 -46,87904767995821
-38,765011908865425 -45,82985771509311
-41,18581558010856 -43,754058942713044
-42,6820310561462 -46,942183720040596
-40,7476751480525 -46,86421698510853
-41,40749236283165 -46,52847250535444
-40,33199526238344 -45,836862419517345
-43,010823454274956 -44,63864694742641
-39,107186503314246 -45,979295573100124
-42,526212330364686 -48,3461698194978
-41,80641420305335 -48,25592148286516
-42,679734756311504 -44,4525168295206
-39,288306790813124 -44,646833788423386
-41,4868064679085 -47,552636165336345
-42,06309684478062 -43,03486513874474
-41,18717609733277 -45,55143847541012
-40,23865527529236 -46,527495900741
-41,43128719056929 -45,91981024753963
-41,532361141289044 -45,78201729344525
-42,7433236142011 -44,66456343421242
-40,64401188526705 -46,28831524920124
-41,21978795939566 -45,9912099836755
-41,405556933446064 -45,83797716455219
-41,73824900921875 -47,66708589393167
-40,95205546939484 -47,9916951408608
-43,022215502429745 -44,92402171430123
-42,71278750688665 -44,51711075293049
-39,03335348362923 -45,03353170456659
-41,563161353656874 -46,29261711316494
-41,45106034513998 -45,724170934883325
-41,58846813858057 -45,66719000669412
-42,85725401986533 -43,62695849143995
-40,9116668196065 -43,34611601104914
-41,9885372809038 -43,43932387186713
-40,553330180356234 -44,530900985805665
-39,33316099240067 -45,357723733409756
-41,599581129110575 -45,80417744366314
-42,605194753075715 -46,606501986256816
-42,36239876441291 -47,67192890966262
-40,81321197263313 -45,21029889807316
-39,70601174271293 -44,895708562162625
-40,902062224000396 -45,4880452826432
-41,39801840953054 -46,29954601254249
-41,658674716104954 -46,696065706567886
-42,41653023758898 -43,87890530610978
-41,87479708306726 -46,09927919539349
-42,44217617553106 -47,35137695671695
-42,589980046581516 -45,8151943597291
-41,292313188349624 -45,81548742749331
-40,312969661993606 -46,23613528526036
-42,77277014185878 -44,924455371595464
-42,599286285962876 -46,59315999753606
-41,199070851436595 -44,76255380065007
-44,143844826583475 -46,901006160100685
-40,67219722054078 -45,41203452734034
-41,6349399667734 -48,70588240655167
-43,26755537869651 -44,25725987848339
-40,63182850391032 -47,94470946003365
-44,002340861948774 -45,22386573971482
-41,48035202038037 -45,73469775142269
-42,05207484428797 -44,36476511633159
-41,913427538083894 -45,505790008230825
-40,601400834620954 -46,98587191358159
-41,836214117545374 -48,576640827834744
-41,36041208891128 -45,91705558025901
-41,83476133658687 -48,281667215108925
-41,62896377749765 -45,646807166863184
-40,23897551369028 -43,723952189994144
-41,2133181836757 -46,907123308478255
-38,473683248708475 -46,45739564221884
-41,53319068817668 -43,89193187497647
-40,232615567465615 -43,12464127022453
-40,3459796465427 -43,86001122089743
-40,85173005801256 -44,606915306718605
-40,02649039847141 -46,694808125894845
-41,4390285765237 -46,436695056970656
-41,591931509192314 -45,89210726241727
-41,08103475033626 -48,55212370599128
-40,990404624282206 -45,32516889970703
-41,58255185337252 -45,31549736267926
-38,94172417736866 -46,678493770976324
-41,39991838479234 -46,31975932658596
-41,647362293257835 -44,8227498445656
-42,21914575690159 -46,04220159727566
-41,21943528025631 -46,41241954604587
-42,7580177242568 -46,41888349089692
-41,28747975910249 -43,35379377937095
-42,29169606326738 -46,08456746695365
-40,45842957575585 -45,71091034771616
-41,76814673588939 -45,18363738569795
-41,29452814111251 -45,49015874694459
-40,76429911066599 -47,70507499496948
-42,377294195613715 -46,5815009687653
-38,90169776877364 -45,23182951848409
-41,67155422189338 -45,44317233924684
-39,373282459541336 -47,527216974455385
-42,648758130274985 -47,27663690885854
-39,779552552563 -48,09027794340245
-40,92381693323755 -46,34677657328739
-42,439842686232765 -47,13555949443083
-40,305160711539884 -45,45639750627113
-44,059161077736064 -44,548619490509346
-40,76613123673052 -44,271730727977086
-41,905606319109886 -45,99435596620335
-42,76232081634764 -44,72369472868784
-41,3166997777677 -46,09022426747356
-40,4784622453752 -47,53372189702549
-39,17662023708765 -46,55143936883838
-42,72222919996461 -47,49053688676314
-42,14297270331423 -48,357761022005796
-42,820342141793326 -47,37957413203316
21,019846102603474 -31,398802768644956
19,484531846838138 -27,097985625875456
22,109298715282627 -27,696042605783042
19,694500318237807 -28,548266776524002
19,835598476842158 -28,98844743048071
21,70277690251082 -27,08102490465616
21,855583785577828 -29,799536293310492
21,436712204601072 -28,569382708212604
18,92461320494987 -28,55011239618057
20,380306157766427 -29,224784335418576
17,885385668908548 -29,78701310026665
21,988296917212526 -28,759853325163974
20,8907975131691 -30,60238607213508
20,390083563296646 -28,043317915775447
22,11149490569641 -29,508978835786376
18,968449712145595 -30,462211916613484
19,75406107984576 -28,969903986626488
18,542036883189294 -30,152140877204502
20,39427003220594 -28,64200950720456
19,71042312180691 -29,237802186329866
20,42881148270518 -31,589235921764427
20,685401508028498 -28,244022217068025
19,978338887598927 -30,846504705407753
20,074139042731076 -29,986444902464847
21,115033063425102 -28,489948909792478
20,08563472204209 -28,999616622658284
17,499121472587287 -27,889109306647967
19,71422032821494 -28,974945407234674
19,353071885500302 -30,17709689257545
20,5698933998392 -31,1261330150997
18,910305758507512 -27,07710089378331
19,40371824204302 -29,633611682994953
20,081953865827327 -27,396474708359722
19,760069830298512 -29,277440000767
18,894809030249185 -30,235696183361902
19,51529792820985 -29,64676289937024
21,230523962529553 -28,891919076145832
21,26771829026655 -27,80280889344924
18,705788788466247 -28,04854356295105
17,096569799907876 -29,397055110664965
20,190019145762253 -29,478844621527646
18,580902291476402 -29,314696939977903
17,773443681558163 -29,376453641329906
19,6573471412043 -28,797943101082772
21,127058766073947 -27,711648723204906
17,70537852675618 -29,54664007470475
19,280439088948395 -29,181453910822324
20,929453584085714 -28,39916578939389
20,016710391999148 -28,291433888647134
20,912091057227958 -29,237627706292702
19,799137341992786 -28,95271454132488
18,40592980086593 -27,590117949910052
20,38332712436995 -28,57494940933267
19,79879659314948 -28,93948191759389
20,217777712869502 -26,45603546861767
20,36174509685895 -26,951992830303567
20,679293956601125 -28,167259027195076
19,188559239343878 -31,22959602899031
18,02174377530598 -31,07694643026702
17,970075151818524 -26,766216274122623
19,45430344905188 -27,322767124244255
17,54884269968148 -27,24799838414435
19,725735648774773 -27,438244220935616
19,12968535299442 -29,695934280818843
18,874303604930976 -28,259456338888597
22,610686851807134 -28,715751537339926
21,252050117741728 -29,075962714912237
18,92432621465863 -30,3206871714528
18,859749610463286 -29,75513710118092
19,42607682617995 -27,741341081628782
20,810097855358407 -28,76419167969325
19,3763882722246 -27,68421736746944
20,024626026057387 -30,466985965189664
22,135253473678908 -27,315210020162628
19,731891998939005 -29,016303481684822
22,077348034648107 -30,38245201472657
18,50725886321659 -28,775970175419687
21,817473444386334 -30,366791607474365
20,630101974522507 -29,185807669133734
19,762585015965904 -29,57897028514276
20,65854014922963 -26,846823363809143
21,854252355447564 -29,759115997699944
20,182829350016853 -27,114198980051043
21,403525210509034 -30,67149431376802
19,355086911377107 -28,879374010083684
22,607599907020145 -29,728174594472726
18,432630304575643 -28,98179667063115
19,139393184008288 -30,57358630447258
17,96201382090163 -30,861086163895425
17,976946701128373 -29,34662081216797
19,91010439106841 -31,270554463165105
19,86678590790499 -28,945579650033338
20,52014449481125 -29,78858365025867
17,580534046698915 -30,515871415615152
21,39206427269243 -29,319789843652785
19,84315409694562 -29,987941468694853
19,523079047335813 -27,640092270276593
17,590413602535328 -27,18802179459241
19,732500924798178 -29,392552516948534
19,213065157843424 -28,900970021426065
20,806501681950046 -27,14744517192887
19,71267339014628 -28,73523926166606
19,207292757557152 -29,806195607345526
18,76760236869851 -28,87211346837499
19,922612026941778 -28,130952246459707
22,16801678227557 -28,759345423284632
20,028801033204115 -29,13860358423178
19,389643738940997 -28,836629336705247
18,452906403143587 -27,778902987511835
20,169361463165547 -28,29403192669939
21,655481078247377 -27,424901573818023
20,10662411038467 -28,201689235119087
19,265700167552804 -28,159923114322194
22,212681057075656 -30,553072978075924
19,645810282120195 -28,231751553124113
19,1950000452115 -29,516116445289494
20,24982128754575 -29,14216898198902
18,875032972298115 -29,1835721118838
18,108254492139032 -27,42558878587196
17,844854787116446 -29,632427793386533
18,563837377555142 -26,375075910417156
19,755308711609135 -30,041828238978557
21,177622708571967 -30,472024673602633
18,14969818879406 -30,1628115510676
21,304789477413767 -26,7700191685225
20,321821048521794 -28,962120936077856
21,395956757617984 -30,65041597531064
18,61558645147188 -29,08602742715422
18,96775468472404 -30,799562454756384
19,879487319104758 -27,182101258509594
19,958176420566296 -31,422612419978126
20,080222105833467 -29,167889826975244
19,41612818099563 -29,107328873112838
19,629261760089168 -28,887195825502413
20,663690166127502 -26,87715452982313
18,496701362029896 -30,96173271008786
19,154065560251542 -29,553720626034774
18,7495646672631 -27,736012238164832
17,803838423360954 -30,88518129085003
22,1282379822157 -30,68027015862729
20,1181618153716 -28,775592892698892
21,164619905211342 -30,0732123987353
18,95066036632733 -29,541803614430627
19,812321167592565 -29,094204894422656
19,76744142211545 -30,403875492499694
19,08639852412559 -26,358222301075056
20,44255821724272 -29,443329721251175
21,61790038761681 -28,592824477548973
20,47262210813052 -29,995886645127328
19,6121314746382 -29,0871265804002
18,195338291094565 -29,348512121328397
20,524776121389568 -28,44384154846932
21,977030596040038 -28,352098652345305
19,746319736812975 -28,23195954695015
21,450904168500802 -29,927231398577877
21,181201652296437 -28,47536252711399
18,99338161695342 -27,53435863291822
17,561444797364825 -29,405814990548183
21,25016127928287 -27,121557144307495
19,716346881970818 -28,58177092821364
19,31104014386744 -30,307672139420454
21,043819096765215 -28,708141416954284
19,74127802409176 -29,082010089549634
19,29410690898811 -26,934527070925785
21,737864161281085 -28,307802058905448
17,3195254337326 -28,165236608566662
20,15376899643051 -29,583491380980156
18,577567959278614 -29,233966540718306
19,693985648568443 -28,939621352853575
21,220713367622245 -26,924921681919646
19,770235994165212 -28,70819539196403
18,127107373326936 -28,99118320576311
21,361948175418455 -30,456505648686786
20,40177718969771 -30,2856151155639
17,313676768468966 -28,800635012216098
21,564610014105494 -28,456069819405766
19,952872455675685 -31,856729675578055
19,788588917988523 -30,19331262469202
19,52549175575397 -29,262446688692744
17,570770460261283 -29,244889292340954
22,561096585078275 -28,99685448091101
19,565375124431817 -28,6776374531991
19,796708726287655 -30,37281325504627
18,602768681117425 -31,258590420855544
19,775079383720243 -29,373028236645144
21,383683829392524 -31,072143019307607
19,730570823600917 -28,607862111269412
18,26450421061974 -27,476345465479255
18,53747006262588 -27,95609559469077
20,806353661912635 -30,733495337722694
19,43897506045122 -28,687498769087348
20,85488293105518 -29,96740440908024
19,25425524402516 -29,582376816321037
19,131126036454365 -29,069486115672795
20,711220341558448 -27,655910815669632
20,827132501768766 -27,495887036297997
20,912136825778898 -31,26745084953982
19,477333991248592 -26,164827839395905
20,372496091050976 -30,109645952260635
20,248666023143365 -28,358842856375745
20,222378067844367 -29,777966466269127
19,75914279536852 -29,400256421597156
19,681585560069237 -28,880571303515964
19,253010103262802 -26,457575218700658
20,031657057993147 -28,667478045726458
19,696470950331303 -28,193594678391293
19,790984073312465 -29,199926985623645
18,739038270333793 -29,507808869782693
21,87313032074136 -29,988625180977664
19,600018313606544 -28,986466310713638
21,546733137080825 -28,599514798374724
18,35668227965927 -28,062620373662483
17,493652416820026 -29,89123170818174
18,316618602686248 -28,141987315198776
19,217251736810983 -31,117036740113882
18,422916480912487 -28,46318652983685
20,627791633409178 -27,653353823920373
19,36719596095126 -29,759245786474406
20,36053645608595 -28,287155788285038
20,990812059475303 -29,1573102443251
18,46910451505731 -28,96761468196281
19,236338940443275 -29,675411851606075
21,641486791476964 -29,376215778409872
19,424302201657003 -29,172474060312137
17,99649554474826 -30,772151418390017
22,21201465137929 -28,363846579392494
20,08431550511608 -27,699539697350758
19,781246467066296 -29,094110301047547
18,54784067263608 -28,489385185391434
17,659187353874202 -29,17829359316532
19,529417080173623 -28,38859878643428
18,6672396693044 -28,618951232265545
22,327208285984554 -28,492253495417145
19,806980662944124 -28,51056411189432
19,763222890841714 -28,891734521327653
19,68515140696851 -28,22384633157668
19,620946262012723 -29,43192534188459
21,397846268708676 -28,34994356825014
18,69708057943132 -28,251871811967547
17,124493550868404 -28,763013601027396
19,891754123740682 -28,913640477224583
18,712111613660195 -28,400928508893767
18,91337619181878 -30,90728384033244
20,324643993849946 -30,92278995323266
19,35418099030337 -26,319020128064388
19,058253207959474 -28,041384990076605
18,646873177472198 -30,137665474750357
18,985834144962254 -29,20917183095133
21,524416193180812 -31,04798007038649
19,706807871983376 -29,207096187562033
20,445409972409152 -31,788422643527788
20,740944675138362 -28,86564405683297
19,600901002214865 -28,476148264587227
20,206513415087635 -28,274985064768128
22,116792749646816 -30,232654702476463
21,024084015473804 -28,511109416228134
21,96023618316693 -30,19927054620749
19,047308172612066 -29,3047796172553
20,29678283568339 -28,626857150456388
20,18622453647305 -30,637892893020826
22,17962122829098 -28,50964769685705
20,314517013106283 -29,025953729635837
21,003340522452756 -29,230426594048062
19,63405630773484 -29,035921545413277
19,878264885944915 -29,009873670610304
18,942033137648846 -28,853644630149308
20,891881447720934 -31,02710280817833
19,845174808916855 -28,202612485014324
19,929993154050404 -28,384452305109747
21,226243950091323 -26,530643622470105
20,85974336910997 -30,059010723485347
18,811325020571875 -27,049372958277967
19,406708732451563 -29,94912186814078
21,65279277644979 -27,608884717408237
17,963527937291097 -30,268992728913084
19,136026617620338 -30,785910662866993
19,92817511397303 -26,762533599581424
19,82818514798389 -28,628563238386413
19,737548746377428 -28,581973552343324
19,767759859938717 -28,948174460255895
17,68627645867025 -28,503656153976838
19,294075637228513 -26,047163863872566
21,277795524412916 -27,11388530703558
20,990978590266323 -26,86857167916565
18,983554974903587 -29,87144383609353
18,055791527435208 -29,809241852427505
17,968106746944894 -28,672127905530612
21,94816083482901 -30,91721657822933
19,809278428260495 -26,696291925630547
20,331400652916848 -29,024539069194372
19,797295733158855 -28,496666842126192
18,620325844506425 -30,472462555137
19,143547926861675 -31,210932431105043
20,107441177710392 -30,58588729875893
17,832654997647886 -27,362505330596086
19,67585486375231 -29,978193379977725
20,917698130767967 -29,282593508022256
18,827906486513644 -30,016828118952603
19,569725162369842 -28,307414560584743
19,49805180403239 -28,577809187574186
19,27636658441955 -30,165224484291475
21,53024140413171 -29,681418889066727
19,533393137733427 -29,065165115887808
19,205341159236816 -28,832464922625764
20,24010231254349 -30,163832067635155
21,540806092245745 -26,54831892343048
21,552069134602405 -31,32236938453367
18,211745134450755 -28,199959089933238
19,25385054645841 -29,929116604820468
20,695751051459343 -31,45923374498947
20,027196419533077 -29,435582481921447
20,39219870782855 -30,355086549444284
17,826885621749028 -28,912241632643834
19,89799076808848 -29,09263240337796
19,182882789723088 -31,285820995241604
17,950294870590835 -29,876139761143175
20,93345171577671 -29,723441056039466
19,23744690040011 -28,02992607776751
19,86675514324564 -28,305299349835735
17,33628920107322 -30,007245767917667
19,55659670544694 -28,728377247482747
19,203786511888616 -29,553029636642883
19,776838228646955 -29,20129826493997
20,16790336525729 -28,58235236720993
20,598705099214712 -29,683149479552597
19,53821545945655 -28,583052988928095
21,883306267020632 -30,23197505347746
18,312008256320958 -30,485589665067597
18,335475075291154 -28,454493471493453
20,307491390209332 -29,6633920407046
22,198050857817826 -27,34081204267017
21,850297641415693 -30,989735576210947
18,978402496433016 -28,249979552660303
19,391065415002938 -30,104053349615057
18,732068435211932 -26,59539447440641
19,80017889135858 -27,607402459608924
18,539568747227612 -30,391932090889217
19,870747982343854 -28,911484445765335
21,01022558753749 -27,628505131779313
19,524806332887113 -29,163801203964752
18,81021255227686 -26,463137587901677
18,467050981617835 -30,12183315703643
19,525400608229656 -27,717248960678003
18,72423760051244 -31,75244613565224
18,897138256154072 -29,29966701657927
20,271397894191 -27,081395093590476
20,767354044120403 -29,215034651142766
19,979271998776326 -27,2902371465101
19,977310766326745 -28,917999804497704
17,671904976679656 -29,858384603790018
20,841951308286607 -27,878551645049296
17,5078457113167 -30,308600958098495
19,89369679684944 -28,80402450810749
18,284377501877543 -30,172402540360803
19,53276930544046 -30,504462353799877
19,163436249402917 -28,624222370545954
18,01240575257067 -29,6824515063424
20,629562472219703 -26,993138086051168
21,440674907930944 -28,702233110650912
20,139532099657085 -28,049664543315437
18,374322301142293 -27,76379712721826
21,79133814254896 -29,96276569863847
21,797853268764353 -29,75081142848815
18,89484180227779 -28,018985092318303
19,417491433760958 -30,366913940492367
19,546112226095044 -29,81130863032554
18,01331584655094 -30,831805704592387
20,11265354059627 -28,4824352199171
18,66843557676326 -27,46017742041152
21,404931357473004 -28,50512978892569
19,921810106204674 -28,905797062236587
19,60124393512587 -28,60967123296357
19,203398789686005 -29,945145617148622
20,207009242021165 -28,639911440545763
20,9011324180028 -29,190905614403214
20,32648132469033 -27,817499684159053
18,647973284467252 -30,816400725288563
19,10621626180244 -29,518686342904633
20,239362278967395 -29,877774741524004
21,796868468342648 -27,68847881147574
20,44130772446147 -29,795270686873515
20,110033014352947 -30,514827968015172
21,497679812321227 -26,875347749794937
19,313178062930326 -28,95362018634018
19,716529664387032 -30,15937158280366
20,40112426061002 -28,36564163271302
20,224582899194097 -29,44587485440749
17,767134113260674 -30,3456084421634
20,59941554577845 -29,951344240383794
19,731241829984818 -29,136472235380218
19,135977268922886 -27,954911215051254
19,94021813455172 -29,16585282089922
20,884607864987384 -28,875273198657652
19,781371558314873 -28,949992371821992
18,771085961533682 -29,26253437319074
17,706437057462434 -30,12202172544272
19,754158406533946 -28,027260656503504
20,890770779345956 -30,485056450826978
19,14665894387024 -27,6492887965618
19,87960779981889 -27,75712997956174
18,600079531184218 -30,268940533373502
20,347986530976105 -28,78206858470605
20,255122746020593 -28,814009922691024
19,704963759526667 -28,968883629382756
19,30942975672963 -27,387058611890875
16,974767740284452 -29,110829432678788
19,681679962924747 -28,953762553943744
18,351228123245825 -31,211960238367293
18,402705096238083 -28,97145911022577
17,553411917048233 -28,87829766163731
21,028160031030783 -28,397281708213928
20,02960226516223 -27,859871593204712
19,472383851970307 -29,0348689013696
17,45561516080428 -30,34319910406584
16,821897871903673 -29,153396151432215
22,41030032286658 -29,978734638727143
20,34136178666313 -26,41742044994822
19,488825382468846 -29,305978896843683
20,796653637943404 -27,95009465095868
18,71599824980916 -30,00466539366803
20,39668034675187 -29,216168183241777
19,786611395623154 -28,95960514041039
19,420029123806717 -28,099967902913377
22,42953425462977 -29,00638435814588
20,252781837351726 -29,028401126333154
19,856840408815962 -28,909408313243965
20,169031281557537 -27,746235661236305
19,549802817899614 -29,629314127348557
17,932834526266628 -28,9874582248949
21,403946999709873 -26,47862742583539
19,40339980516754 -29,099577959290677
20,162397635777406 -27,98315791123133
20,33222480056508 -28,392937527850243
20,622817880058296 -28,513897196192584
18,473600083248616 -28,86094215214154
22,07100590819213 -29,193664671936915
20,080129120778967 -29,946710351221604
17,348051182753466 -29,198636140615218
20,96292531698426 -29,40041462391273
20,14473745176264 -28,862521062919374
18,189880427846465 -27,962738619196433
18,9606550702336 -29,52103269601837
20,805961655600633 -29,303728003230237
20,557668652169717 -28,401123298216262
19,65341524358201 -28,922421340651297
19,683316860460277 -30,994832555732465
19,372642280801404 -28,147088514771557
18,608237362430895 -26,732136868752647
19,572293236617238 -28,98385328699561
19,260104025991044 -29,166536836730135
19,274010904509048 -29,990961623176194
18,816846649967783 -29,340971776380318
19,554815997487943 -30,0673579011554
22,62637195692252 -29,76384012082463
17,528428655841985 -29,681111900363774
17,63053737844931 -27,45340433831786
18,86839769877142 -28,036774259665
19,709650419426257 -28,092610869196434
19,894299771379977 -28,805889299706873
20,27668963768169 -28,537753861816608
20,813808262102036 -29,586598554888074
19,79910881579145 -28,98620450062047
18,348670230086537 -29,362241032701707
20,102277171988483 -28,063496277462537
20,50308764649139 -28,14073366190571
20,267690174411985 -28,505429594098416
19,88746933594837 -28,722719827082848
18,90348543620415 -28,485591608169695
19,70708271941572 -28,862281992546077
20,263985337152523 -29,30591781221206
20,661047208926178 -27,596309831914397
17,547820882626173 -27,798449907192524
19,758900906043397 -28,95437836650098
18,12762473242874 -28,585868640241312
21,228603532625485 -30,407338797425552
17,154794043382704 -29,942519490488213
18,4597046192464 -30,204015817051705
19,12855661957513 -30,832615559619537
20,298503473585487 -28,618182920589284
19,989963975971143 -27,82675704973048
19,75014173960617 -27,840097744166
20,00630690140868 -28,005078641115684
20,02974797739891 -28,94248001554293
19,86886543877713 -29,70949205045893
19,009691294018875 -31,057008149720303
20,964399291827718 -27,54729815857263
21,81775412640943 -28,501738490169465
22,326255022889654 -29,38800163944391
17,279720207262862 -28,419440524504573
22,34171813923169 -30,341719379421196
21,346275716286275 -28,69190631109115
20,57541032096256 -28,690779355864667
21,146227471418975 -26,928285489620123
18,643902835801487 -31,078310386610912
19,729884294772056 -28,969515161162185
19,753799142932692 -31,033722562401756
20,680136647788153 -29,510033260385327
21,88392369515751 -28,824172797705234
19,95035429424798 -28,95747209964585
17,900118475847897 -29,624825120053796